TdrogueXYZ0 = [47.7501,-3.1947,18.7515] ;
PodXYZ = [25.8768,1.7790,18.7599];

